Improved Logistic Regression Model Evaluation Results
==================================================

Cross-validation Results:
------------------------------
Average CV F1 score: 0.9897 (+/- 0.0110)

Classification Metrics:
------------------------------
Accuracy: 0.9346
Precision (weighted): 0.9449
Recall/Sensitivity (weighted): 0.9346
F1-measure (weighted): 0.9365

Confusion Matrix:
------------------------------
Shape: (22, 22)

[[31  5  0  0  0  1  0  0  0  0  0  0  0  0  0  0  0  0  0  0  0  0]
 [ 1 10  0  0  0  1  0  0  0  0  0  0  0  0  0  0  0  0  0  0  0  1]
 [ 0  1 22  0  0  0  0  0  0  0  0  0  0  0  0  0  0  0  0  0  0  0]
 [ 0  1  0 32  0  0  0  0  0  0  0  0  0  0  0  0  0  0  0  0  0  0]
 [ 0  1  0  0 54  0  0  0  0  0  0  0  0  0  0  0  0  0  0  0  0  0]
 [ 1  0  0  0  0 15  0  0  0  0  0  0  0  0  0  0  0  0  0  0  0  0]
 [ 0  0  0  0  0  1  2  0  0  0  0  0  0  0  0  0  0  0  0  0  0  0]
 [ 0  0  0  0  0  0  0  9  0  0  0  0  0  0  0  0  0  0  0  0  0  0]
 [ 0  0  0  0  0  0  0  0  1  0  0  0  0  0  0  0  0  0  0  0  0  0]
 [ 0  0  0  0  0  0  0  0  0  2  0  0  0  0  0  0  0  0  0  0  0  0]
 [ 0  0  0  0  0  0  0  0  0  0 18  0  0  0  0  0  0  0  0  0  0  0]
 [ 0  0  0  0  0  0  0  0  0  0  1  0  0  0  0  0  0  0  0  0  0  0]
 [ 0  0  0  0  0  0  0  0  0  0  0  0  5  0  0  0  0  0  0  0  0  0]
 [ 0  1  0  0  0  0  0  0  0  0  0  0  0  5  0  0  0  0  0  0  0  0]
 [ 0  0  0  0  0  0  0  0  0  0  0  0  0  0  4  0  0  0  0  0  0  0]
 [ 0  0  0  0  0  0  0  0  0  0  0  0  0  0  0  4  0  0  0  0  0  0]
 [ 0  0  0  0  0  0  0  0  0  0  0  0  0  0  0  0 12  0  0  0  0  0]
 [ 0  0  0  0  0  2  0  0  0  0  0  0  0  0  0  0  0  9  0  0  0  0]
 [ 0  0  0  0  0  0  0  0  0  0  0  0  0  0  0  0  2  0 19  0  0  0]
 [ 0  0  0  0  0  0  0  0  0  0  0  0  0  0  0  0  0  0  0 10  0  0]
 [ 0  0  0  0  0  0  0  0  0  0  0  0  0  0  0  0  0  0  0  0 18  0]
 [ 0  0  0  0  0  0  0  0  0  0  0  0  0  0  0  0  0  0  0  0  0  4]]

Detailed Classification Report:
------------------------------
              precision    recall  f1-score   support

           1       0.94      0.84      0.89        37
           2       0.53      0.77      0.62        13
           3       1.00      0.96      0.98        23
           4       1.00      0.97      0.98        33
           5       1.00      0.98      0.99        55
           6       0.75      0.94      0.83        16
           7       1.00      0.67      0.80         3
           8       1.00      1.00      1.00         9
           9       1.00      1.00      1.00         1
          10       1.00      1.00      1.00         2
          11       0.95      1.00      0.97        18
          12       0.00      0.00      0.00         1
          13       1.00      1.00      1.00         5
          14       1.00      0.83      0.91         6
          15       1.00      1.00      1.00         4
          16       1.00      1.00      1.00         4
          17       0.86      1.00      0.92        12
          18       1.00      0.82      0.90        11
          19       1.00      0.90      0.95        21
          20       1.00      1.00      1.00        10
          21       1.00      1.00      1.00        18
          22       0.80      1.00      0.89         4

    accuracy                           0.93       306
   macro avg       0.90      0.89      0.89       306
weighted avg       0.94      0.93      0.94       306
